line -112 195 -126 173
line -195 113 -195 87
line -225 0 -213 -22
line -195 -112 -173 -126
line -113 -195 -87 -195
line 0 -225 22 -213
line 112 -195 126 -173
line 195 -113 195 -87
line 225 0 213 22
line 195 112 173 126
line 113 195 87 195
line 0 225 -22 213
line -126 173 -113 152
line -195 87 -174 75
line -213 -22 -188 -22
line -173 -126 -152 -113
line -87 -195 -75 -174
line 22 -213 22 -188
line 126 -173 113 -152
line 195 -87 174 -75
line 213 22 188 22
line 173 126 152 113
line 87 195 75 174
line -22 213 -22 188
line -113 152 -87 152
line -174 75 -152 88
line -188 -22 -175 0
line -152 -113 -152 -87
line -75 -174 -88 -152
line 22 -188 0 -175
line 113 -152 87 -152
line 174 -75 152 -88
line 188 22 175 0
line 152 113 152 87
line 75 174 88 152
line -22 188 0 175
line -87 152 -75 174
line -152 88 -152 113
line -175 0 -188 22
line -152 -87 -174 -75
line -88 -152 -113 -152
line 0 -175 -22 -188
line 87 -152 75 -174
line 152 -88 152 -113
line 175 0 188 -22
line 152 87 174 75
line 88 152 113 152
line 0 175 22 188
line -75 174 -87 195
line -152 113 -173 126
line -188 22 -213 22
line -174 -75 -195 -87
line -113 -152 -126 -173
line -22 -188 -22 -213
line 75 -174 87 -195
line 152 -113 173 -126
line 188 -22 213 -22
line 174 75 195 87
line 113 152 126 173
line 22 188 22 213
line -87 195 -112 195
line -173 126 -195 113
line -213 22 -225 0
line -195 -87 -195 -112
line -126 -173 -113 -195
line -22 -213 0 -225
line 87 -195 112 -195
line 173 -126 195 -113
line 213 -22 225 0
line 195 87 195 112
line 126 173 113 195
line 22 213 0 225
